3.2784930e-05    0.0000000e+00   1.8999999e-05   0.0000000e+00   1.8000001e-05  0.0000000e+00   1
1.2517882e-04    0.0000000e+00   9.9999997e-06   0.0000000e+00   9.0000003e-06  0.0000000e+00   2
8.1664283e-04    0.0000000e+00   9.9999997e-06   0.0000000e+00   9.0000003e-06  0.0000000e+00   4
5.7188840e-03    0.0000000e+00   9.9999997e-06   0.0000000e+00   9.9999997e-06  0.0000000e+00   8
3.3190273e-02    0.0000000e+00   1.6000000e-05   0.0000000e+00   1.5000000e-05  0.0000000e+00   16
6.7263381e-02    0.0000000e+00   5.7000001e-05   0.0000000e+00   5.7000001e-05  0.0000000e+00   32
8.6602115e-02    0.0000000e+00   3.7699999e-04   0.0000000e+00   3.7200001e-04  0.0000000e+00   64
9.4635776e-02    0.0000000e+00   3.0370001e-03   0.0000000e+00   3.0220000e-03  0.0000000e+00   128
1.1315331e-01    0.0000000e+00   4.9860001e-02   0.0000000e+00   4.5692001e-02  0.0000000e+00   256
1.2076341e-01    0.0000000e+00   4.7395599e-01   0.0000000e+00   4.7209200e-01  0.0000000e+00   512
1.0196465e-01    0.0000000e+00   9.9087362e+00   0.0000000e+00   9.8760424e+00  0.0000000e+00   1024
7.0894999e-02    0.0000000e+00   1.0019448e+02   0.0000000e+00   9.9720261e+01  0.0000000e+00   2048
5.5495273e-02    0.0000000e+00   1.0961649e+03   0.0000000e+00   1.0915380e+03  0.0000000e+00   4096