7.8033557e-05    0.0000000e+00   2.3000001e-05   0.0000000e+00   2.2000000e-05  0.0000000e+00   1
8.8136116e-05    0.0000000e+00   1.5000000e-05   0.0000000e+00   1.4000000e-05  0.0000000e+00   2
7.4034336e-04    0.0000000e+00   9.9999997e-06   0.0000000e+00   9.9999997e-06  0.0000000e+00   4
5.2331253e-03    0.0000000e+00   9.9999997e-06   0.0000000e+00   1.1000000e-05  0.0000000e+00   8
2.7123334e-02    0.0000000e+00   1.8000001e-05   0.0000000e+00   1.8999999e-05  0.0000000e+00   16
5.9613731e-02    0.0000000e+00   6.6000001e-05   0.0000000e+00   6.5000000e-05  0.0000000e+00   32
7.8233953e-02    0.0000000e+00   3.8300001e-04   0.0000000e+00   3.8099999e-04  0.0000000e+00   64
8.8782871e-02    0.0000000e+00   2.6660000e-03   0.0000000e+00   2.6469999e-03  0.0000000e+00   128
1.0856280e-01    0.0000000e+00   3.8911998e-02   0.0000000e+00   3.2804001e-02  0.0000000e+00   256
1.0718278e-01    0.0000000e+00   3.7695599e-01   0.0000000e+00   3.7569201e-01  0.0000000e+00   512
1.0656304e-01    0.0000000e+00   3.0420871e+00   0.0000000e+00   3.0325711e+00  0.0000000e+00   1024
1.0461681e-01    0.0000000e+00   2.5342293e+01   0.0000000e+00   2.5093792e+01  0.0000000e+00   2048
1.0601406e-01    0.0000000e+00   2.2382233e+02   0.0000000e+00   2.2245107e+02  0.0000000e+00   4096