2.8464881e-03    1.5077863e-04   6.4906914e+03   3.6104035e+02   6.4675844e+03  3.5975378e+02   1
5.2254497e-03    4.0164383e-05   2.0573763e+03   1.6288017e+01   2.0504041e+03  1.6245117e+01   2
6.7337362e-03    1.8872119e-06   1.3259123e+03   1.7520697e-01   1.3215589e+03  1.5470134e-01   4
1.1620645e-02    2.6269702e-06   1.0939251e+03   7.3592929e-02   1.0904445e+03  6.6647261e-02   8
1.4482046e-02    4.5705762e-05   1.0902050e+03   3.2752705e+00   1.0868250e+03  3.1815098e+00   16
1.5545821e-02    1.5528207e-06   1.0493736e+03   1.5024080e-01   1.0463149e+03  1.2385826e-01   32
1.6234663e-02    2.3475508e-06   1.1726665e+03   7.3282324e-01   1.1694570e+03  7.7987456e-01   64
1.5872910e-02    6.1457031e-06   1.3715764e+03   2.5410768e-01   1.3678904e+03  2.7468132e-01   128
1.5826326e-02    9.0674477e-05   1.3830823e+03   8.2617045e+00   1.3787463e+03  7.7719725e+00   256
1.4569445e-02    2.7045269e-05   1.4875256e+03   2.9043120e+00   1.4826454e+03  2.6570812e+00   512
1.2845975e-02    5.4132864e-04   1.6898981e+03   7.5875433e+01   1.6832294e+03  7.4844498e+01   1024
7.4462379e-03    8.4931547e-05   2.8774161e+03   3.3517595e+01   2.8627996e+03  3.4217091e+01   2048
5.3606872e-03    3.5699912e-05   4.1042747e+03   2.8264646e+01   4.0881552e+03  2.7617887e+01   4096
                                                                                               