0.00265169	0	6737.38		0	6698.28		0	1
0.00495922	0	2719.67		0	2167.68		0	2	
0.00664577       0       1362.27         0       1355.5 	0       4
0.0112212        0       1127.73         0       1121.46        0       8
0.0149732        0       1140.3  	0       1129.61        0       16
0.015721         0       1054.79         0       1046.05        0       32
0.0161379        0       1192.5  	0       1183.45        0       64
0.0157444        0       1635.97         0       1377.45        0       128
0.0147969        0       2200.63         0       1471.87        0       256
0.0121055        0       1967.03         0       1787.89        0       512
0.0110688        0       1969.32         0       1954.43        0       1024
0.00658151       0       3255.74         0       3231.66        0       2048
0.00451615       0       4863.2  0       4835.31        0       4096